460.03
224.714
161.45
130.26
116.727
98.1145
84.2632
77.7468
113.989
105.201
117.89
101.297
101.224
89.8537
81.9119
82.7567
96.5193
100.342
90.8164
89.3806
82.8237
110.111
93.0988
80.7211
114.358
97.1962
121.146
111.527
95.409
82.2253
115.284
103.215
106.232
90.0834
135.319
121.138
110.675
99.1674
88.044
78.1833
138.124
130.109
94.5523
113.786
95.5047
88.2997
78.5275
78.667
146.68
145.711
132.037
131.66
123.777
116.872
95.0075
103.293
81.6877
96.825
87.1537
83.0372
170.7
162.443
158.471
153.508
